
 For 100 cities:
Greedy: Best Path = [77  5 45 28 22 98  2 80  9 84 65 86 25 94 93 55 49 63 44 85 61 90 36 73
 38 14 72 33 51 81 13 66 75 54  0 91 41  4 83 62 26 76 32 10 58 69 12 17
 48 89 18  7  8 64 40 97 88 35 71 39 59 47 19 78 23 52 79 60 95 87 56 68
 92 11 16 50  1 42 27 82 34 30 70 24 53 96 29 15 20  6 67 31 46 43 74 21
  3 37 99 57], Minimum Fitness = 9.606126296442563, Mean Fitness= 10.036622275347293, Std Fitness= 0.289957862890756, Mean exec_time= 0.0007698774337768554, Std exec_time= 1.0302362024819533e-05
AS: Best Path = [56 68 92 39 59 47 19 78 23 52 79 60 95 87 69 58 10 32 12 17 48 76 46 31
 43 74 67  4 83 62 81 51 33 72 73 38 14 90 36 44 85 61  6 20 89 18 96 53
 29 15  2 80  9 22 28 63 49 21 55 94 93  3 45  5 77 25 86 84 65 99 37 57
 82 34 30 70 24  7  8 64 88 97 40 35 71 11 16 50  1 42 27 98 41 91  0 13
 66 75 54 26], Minimum Fitness = 10.758594353347391, Mean Fitness= 10.843684862766269, Std Fitness= 0.05736325863901715, Mean exec_time= 27.461738109588623, Std exec_time= 0.28398452142803476
SA: Best Path = [71 59 78 23 52 79 60 95 56 12 48 17 64  8 96 53 70 30 57 37 99 84 65 25
 86 77  5 45 94 93  3 55 21 49 63 44 85 61 90 36 73 38 14 72 54 75 66 13
  0 91 41 81 51 33  6 15 29  2 80  9 28 22 98 20 67 31 46 43  4 74 83 62
 26 87 76 32 10 69 58 18 89  7 24 34 82 27 42  1 50 16 11 88 97 35 40 92
 68 19 47 39], Minimum Fitness = 9.457119341182823, Mean Fitness= 25.719793196766233, Std Fitness= 12.464266321398409, Mean exec_time= 5.516214895248413, Std exec_time= 7.203232650141356
