
 For 80 cities:
Greedy: Best Path = [78 12 62 73 50 61 74 60  1 34 35  8  0 29 21 27 79 11 69 17 48 18 24 32
 52  4 15 45 30 31 68 63 58 72 71 56 75 59 14 39 77 53  6 23 10 40 49 16
  3 76 47 55 38 19 57 33 25 46 66 44 42  7 64 22 51  2 41  5 36  9 54 67
 43 20 28 70 26 37 65 13], Minimum Fitness = 7.141036418095132, Mean Fitness= 7.97998542208437, Std Fitness= 0.49225872755761785, Mean exec_time= 0.0007218360900878906, Std exec_time= 0.00013784347926289813
AS: Best Path = [32 24 18 15 45 17 69 11 27 79 21 29 35  8  0 34  1 60 74 50 61 62 73 12
 78 46 66 42 44  7 64 22 51  2  5 41 57 19 38 47 55 10 40 49 16 76  3  6
 53 23 77 39 14 59 75 56 71 72 58 63 68 31 48  4 30 52 13 37 65 26 43 54
 67 20 28 70  9 36 25 33], Minimum Fitness = 8.243582340082252, Mean Fitness= 8.677123146452795, Std Fitness= 0.2777018043020144, Mean exec_time= 16.2051100730896, Std exec_time= 0.3760335998712104
SA: Best Path = [48 18 52  4 30 15 45 17 69 11 31 68 63 35 29 21 27 79  0  8 61 13 66 46
 44 42  7  2 41  5 55 47  3 76 16 10 40 49  6 53 23 77 39 14 59 75 56 71
 72 58 34  1 60 74 50 73 62 12 78 33 25 57 19 38 51 22 64 36  9 43 54 67
 70 20 28 26 37 65 32 24], Minimum Fitness = 7.1980987772288305, Mean Fitness= 15.694874582172895, Std Fitness= 11.312414821722415, Mean exec_time= 8.050516319274902, Std exec_time= 7.113457694200301
